{
    "animation": [
        {
            "name": "Root",
            "time": [0.0, 1.3333, 2.6667],
            "transform": [
                [0.954073, 0.013731, 0.299258, -0.000435, 0.299185, 0.007132, -0.954168, -0.03311, -0.015236, 0.99988, 0.002697, 0.698995, 0.0, 0.0, 0.0, 1.0],
                [0.954073, 0.013731, 0.299258, -0.000435, 0.299185, 0.007132, -0.954168, -0.03311, -0.015236, 0.99988, 0.002697, 0.708907, 0.0, 0.0, 0.0, 1.0],
                [0.954073, 0.013731, 0.299258, -0.000435, 0.299185, 0.007132, -0.954168, -0.03311, -0.015236, 0.99988, 0.002697, 0.698995, 0.0, 0.0, 0.0, 1.0]
            ]
        },
        {
            "name": "Thigh_R",
            "time": [0.0, 1.3333, 2.6667],
            "transform": [
                [0.893938, 0.352712, 0.276524, 0.124994, 0.151536, -0.818507, 0.55415, -0.002831, 0.421794, -0.453471, -0.785144, -1.2e-05, 0.0, 0.0, 0.0, 1.0],
                [0.894824, 0.338226, 0.291358, 0.124994, 0.149978, -0.842491, 0.51741, -0.002831, 0.42047, -0.419292, -0.80461, -1.2e-05, 0.0, 0.0, 0.0, 1.0],
                [0.893938, 0.352712, 0.276524, 0.124994, 0.151536, -0.818507, 0.55415, -0.002831, 0.421794, -0.453471, -0.785144, -1.2e-05, 0.0, 0.0, 0.0, 1.0]
            ]
        },
        {
            "name": "Leg_R",
            "time": [0.0, 1.3333, 2.6667],
            "transform": [
                [1.0, -0.0, 1e-06, -0.0, -0.0, 0.781142, 0.624355, 0.37472, -1e-06, -0.624354, 0.781142, 0.0, 0.0, 0.0, 0.0, 1.0],
                [1.0, -0.0, 1e-06, 0.0, -0.0, 0.829389, 0.558673, 0.37472, -1e-06, -0.558674, 0.829388, -0.0, 0.0, 0.0, 0.0, 1.0],
                [1.0, -0.0, 1e-06, -0.0, -0.0, 0.781142, 0.624355, 0.37472, -1e-06, -0.624354, 0.781142, 0.0, 0.0, 0.0, 0.0, 1.0]
            ]
        },
        {
            "name": "Knee_R",
            "time": [0.0, 1.3333, 2.6667],
            "transform": [
                [1.0, 0.0, -0.0, -0.0, -0.0, 1e-06, -1.0, 0.390551, -0.0, 1.0, 1e-06, 0.0, 0.0, 0.0, 0.0, 1.0],
                [1.0, 0.0, -0.0, 0.0, -0.0, 1e-06, -1.0, 0.381988, -0.0, 1.0, 1e-06, 0.0, 0.0, 0.0, 0.0, 1.0],
                [1.0, 0.0, -0.0, -0.0, -0.0, 1e-06, -1.0, 0.390551, -0.0, 1.0, 1e-06, 0.0, 0.0, 0.0, 0.0, 1.0]
            ]
        },
        {
            "name": "Thigh_L",
            "time": [0.0, 1.3333, 2.6667],
            "transform": [
                [0.894704, -0.304429, -0.326848, -0.125006, -0.220585, -0.93745, 0.269312, -0.002831, -0.388388, -0.168853, -0.905891, -1.2e-05, 0.0, 0.0, 0.0, 1.0],
                [0.896493, -0.284147, -0.339945, -0.125006, -0.217457, -0.950685, 0.221155, -0.002831, -0.386019, -0.124336, -0.91407, -1.2e-05, 0.0, 0.0, 0.0, 1.0],
                [0.894704, -0.304429, -0.326848, -0.125006, -0.220585, -0.93745, 0.269312, -0.002831, -0.388388, -0.168853, -0.905891, -1.2e-05, 0.0, 0.0, 0.0, 1.0]
            ]
        },
        {
            "name": "Leg_L",
            "time": [0.0, 1.3333, 2.6667],
            "transform": [
                [1.0, -0.0, 1e-06, 0.0, -0.0, 0.844504, 0.535547, 0.37472, -1e-06, -0.535549, 0.844506, 0.0, 0.0, 0.0, 0.0, 1.0],
                [1.0, -0.0, 1e-06, 0.0, -0.0, 0.894211, 0.447643, 0.37472, -1e-06, -0.447645, 0.894213, -0.0, 0.0, 0.0, 0.0, 1.0],
                [1.0, -0.0, 1e-06, 0.0, -0.0, 0.844504, 0.535547, 0.37472, -1e-06, -0.535549, 0.844506, 0.0, 0.0, 0.0, 0.0, 1.0]
            ]
        },
        {
            "name": "Knee_L",
            "time": [0.0, 1.3333, 2.6667],
            "transform": [
                [1.0, 0.0, -0.0, -0.0, -0.0, 1e-06, -1.0, 0.379085, 0.0, 1.0, 1e-06, -0.0, 0.0, 0.0, 0.0, 1.0],
                [1.0, 0.0, -0.0, 0.0, -0.0, 1e-06, -1.0, 0.37472, -0.0, 1.0, 1e-06, -0.0, 0.0, 0.0, 0.0, 1.0],
                [1.0, 0.0, -0.0, -0.0, -0.0, 1e-06, -1.0, 0.379085, 0.0, 1.0, 1e-06, -0.0, 0.0, 0.0, 0.0, 1.0]
            ]
        },
        {
            "name": "Torso",
            "time": [0.0, 1.3333, 2.6667],
            "transform": [
                [0.92792, -0.030718, -0.371512, 0.0, 0.024564, 0.999472, -0.021287, 0.05, 0.37197, 0.010626, 0.928184, -0.0, 0.0, 0.0, 0.0, 1.0],
                [0.92792, -0.030718, -0.371512, -0.0, 0.024564, 0.999472, -0.021287, 0.05, 0.37197, 0.010626, 0.928184, -0.0, 0.0, 0.0, 0.0, 1.0],
                [0.92792, -0.030718, -0.371512, 0.0, 0.024564, 0.999472, -0.021287, 0.05, 0.37197, 0.010626, 0.928184, -0.0, 0.0, 0.0, 0.0, 1.0]
            ]
        },
        {
            "name": "Chest",
            "time": [0.0, 1.3333, 2.6667],
            "transform": [
                [0.932302, 0.062726, -0.356202, -0.0, 0.011274, 0.979328, 0.201966, 0.3, 0.361507, -0.192309, 0.912321, 0.0, 0.0, 0.0, 0.0, 1.0],
                [0.932302, 0.062726, -0.356202, -0.0, 0.011274, 0.979328, 0.201966, 0.3, 0.361507, -0.192309, 0.912321, 0.0, 0.0, 0.0, 0.0, 1.0],
                [0.932302, 0.062726, -0.356202, -0.0, 0.011274, 0.979328, 0.201966, 0.3, 0.361507, -0.192309, 0.912321, 0.0, 0.0, 0.0, 0.0, 1.0]
            ]
        },
        {
            "name": "Head",
            "time": [0.0, 1.3333, 2.6667],
            "transform": [
                [0.946285, -0.003516, 0.323316, 0.0, 0.016044, 0.99922, -0.036091, 0.4, -0.322937, 0.03934, 0.945602, 0.0, 0.0, 0.0, 0.0, 1.0],
                [0.946285, -0.003516, 0.323316, 0.0, 0.016044, 0.99922, -0.036091, 0.4, -0.322937, 0.03934, 0.945602, 0.0, 0.0, 0.0, 0.0, 1.0],
                [0.946285, -0.003516, 0.323316, 0.0, 0.016044, 0.99922, -0.036091, 0.4, -0.322937, 0.03934, 0.945602, 0.0, 0.0, 0.0, 0.0, 1.0]
            ]
        },
        {
            "name": "Shoulder_R",
            "time": [0.0, 1.3333, 2.6667],
            "transform": [
                [0.352615, 0.786566, 0.506928, 0.0, -0.128164, -0.496024, 0.858798, 0.4, 0.92695, -0.367795, -0.074096, 0.0, 0.0, 0.0, 0.0, 1.0],
                [0.3595, 0.770549, 0.526321, 0.0, -0.128039, -0.517962, 0.845767, 0.4, 0.924319, -0.371443, -0.087547, 0.0, 0.0, 0.0, 0.0, 1.0],
                [0.352615, 0.786566, 0.506928, 0.0, -0.128164, -0.496024, 0.858798, 0.4, 0.92695, -0.367795, -0.074096, 0.0, 0.0, 0.0, 0.0, 1.0]
            ]
        },
        {
            "name": "Arm_R",
            "time": [0.0, 1.3333, 2.6667],
            "transform": [
                [-0.275448, -0.926429, 0.256626, -0.0, -0.305685, -0.168688, -0.93707, 0.39386, 0.911419, -0.336561, -0.236732, -0.0, 0.0, 0.0, 0.0, 1.0],
                [-0.241549, -0.940378, 0.239463, -0.0, -0.33679, -0.150191, -0.929524, 0.39386, 0.910069, -0.305174, -0.280433, 0.0, 0.0, 0.0, 0.0, 1.0],
                [-0.275448, -0.926429, 0.256626, -0.0, -0.305685, -0.168688, -0.93707, 0.39386, 0.911419, -0.336561, -0.236732, -0.0, 0.0, 0.0, 0.0, 1.0]
            ]
        },
        {
            "name": "Hand_R",
            "time": [0.0, 1.3333, 2.6667],
            "transform": [
                [1.0, 0.0, 0.0, 0.0, -0.0, 0.404564, -0.91451, 0.3, -0.0, 0.91451, 0.404564, -0.0, 0.0, 0.0, 0.0, 1.0],
                [1.0, 0.0, 0.0, -0.0, -0.0, 0.369909, -0.929069, 0.3, -0.0, 0.929067, 0.369909, 0.0, 0.0, 0.0, 0.0, 1.0],
                [1.0, 0.0, 0.0, 0.0, -0.0, 0.404564, -0.91451, 0.3, -0.0, 0.91451, 0.404564, -0.0, 0.0, 0.0, 0.0, 1.0]
            ]
        },
        {
            "name": "Tool_R",
            "time": [0.0, 1.3333, 2.6667],
            "transform": [
                [0.0, 0.0, 0.0, 0.0, 0.0, 0.0, 0.0, 0.272858, 0.0, 0.0, 0.0, -0.0, 0.0, 0.0, 0.0, 1.0],
                [0.0, 0.0, 0.0, -0.0, 0.0, 0.0, 0.0, 0.272858, 0.0, 0.0, 0.0, -0.0, 0.0, 0.0, 0.0, 1.0],
                [0.0, 0.0, 0.0, 0.0, 0.0, 0.0, 0.0, 0.272858, 0.0, 0.0, 0.0, -0.0, 0.0, 0.0, 0.0, 1.0]
            ]
        },
        {
            "name": "Elbow_R",
            "time": [0.0, 1.3333, 2.6667],
            "transform": [
                [-1.0, 0.0, 0.0, 0.0, 0.0, -0.0, -1.0, 0.418494, -0.0, -1.0, 0.0, 0.0, 0.0, 0.0, 0.0, 1.0],
                [-1.0, 0.0, 0.0, -0.0, 0.0, -0.0, -1.0, 0.422016, -0.0, -1.0, 0.0, -0.0, 0.0, 0.0, 0.0, 1.0],
                [-1.0, 0.0, 0.0, 0.0, 0.0, -0.0, -1.0, 0.418494, -0.0, -1.0, 0.0, 0.0, 0.0, 0.0, 0.0, 1.0]
            ]
        },
        {
            "name": "Shoulder_L",
            "time": [0.0, 1.3333, 2.6667],
            "transform": [
                [0.211776, -0.886139, -0.412199, 0.0, -0.224631, -0.454608, 0.861901, 0.4, -0.951153, -0.089938, -0.295329, 0.0, 0.0, 0.0, 0.0, 1.0],
                [0.227167, -0.872682, -0.432229, 0.0, -0.204614, -0.476696, 0.854923, 0.4, -0.952118, -0.10577, -0.286853, 0.0, 0.0, 0.0, 0.0, 1.0],
                [0.211776, -0.886139, -0.412199, 0.0, -0.224631, -0.454608, 0.861901, 0.4, -0.951153, -0.089938, -0.295329, 0.0, 0.0, 0.0, 0.0, 1.0]
            ]
        },
        {
            "name": "Arm_L",
            "time": [0.0, 1.3333, 2.6667],
            "transform": [
                [0.394725, 0.901912, 0.175348, -0.0, -0.002525, 0.191908, -0.981409, 0.39386, -0.918795, 0.386944, 0.078028, 0.0, 0.0, 0.0, 0.0, 1.0],
                [0.407343, 0.887667, 0.214754, 0.0, 0.037309, 0.218777, -0.975061, 0.39386, -0.912513, 0.405197, 0.055999, -0.0, 0.0, 0.0, 0.0, 1.0],
                [0.394725, 0.901912, 0.175348, -0.0, -0.002525, 0.191908, -0.981409, 0.39386, -0.918795, 0.386944, 0.078028, 0.0, 0.0, 0.0, 0.0, 1.0]
            ]
        },
        {
            "name": "Hand_L",
            "time": [0.0, 1.3333, 2.6667],
            "transform": [
                [1.0, 0.0, -0.0, -0.0, 0.0, 0.579576, -0.814918, 0.3, -0.0, 0.814918, 0.579576, 0.0, 0.0, 0.0, 0.0, 1.0],
                [1.0, 0.0, 0.0, 0.0, -0.0, 0.549049, -0.83579, 0.3, -0.0, 0.835791, 0.549049, 0.0, 0.0, 0.0, 0.0, 1.0],
                [1.0, 0.0, -0.0, -0.0, 0.0, 0.579576, -0.814918, 0.3, -0.0, 0.814918, 0.579576, 0.0, 0.0, 0.0, 0.0, 1.0]
            ]
        },
        {
            "name": "Tool_L",
            "time": [0.0, 1.3333, 2.6667],
            "transform": [
                [0.150352, -0.635984, 0.756914, -0.0, -0.312212, -0.756981, -0.574023, 0.272858, 0.937485, -0.149932, -0.312198, 0.0, 0.0, 0.0, 0.0, 1.0],
                [0.150352, -0.635984, 0.756914, 0.0, -0.312212, -0.756981, -0.574023, 0.272858, 0.937484, -0.149932, -0.312198, 0.0, 0.0, 0.0, 0.0, 1.0],
                [0.150352, -0.635984, 0.756914, -0.0, -0.312212, -0.756981, -0.574023, 0.272858, 0.937485, -0.149932, -0.312198, 0.0, 0.0, 0.0, 0.0, 1.0]
            ]
        },
        {
            "name": "Elbow_L",
            "time": [0.0, 1.3333, 2.6667],
            "transform": [
                [-1.0, 0.0, -0.0, -0.0, 0.0, -0.0, -1.0, 0.399592, -0.0, -1.0, 0.0, -0.0, 0.0, 0.0, 0.0, 1.0],
                [-1.0, 0.0, -0.0, 0.0, 0.0, -0.0, -1.0, 0.403057, -0.0, -1.0, -0.0, -0.0, 0.0, 0.0, 0.0, 1.0],
                [-1.0, 0.0, -0.0, -0.0, 0.0, -0.0, -1.0, 0.399592, -0.0, -1.0, 0.0, -0.0, 0.0, 0.0, 0.0, 1.0]
            ]
        }
    ]
}