{
    "animation": [
        {
            "name": "Root",
            "time": [0.0, 0.0833, 0.2667],
            "transform": [
                [0.854689, 0.0, -0.51914, -5e-06, -0.51914, 0.0, -0.854689, 0.000946, 0.0, 1.0, 0.0, 0.755725, 0.0, 0.0, 0.0, 1.0],
                [0.854689, 0.0, -0.51914, -5e-06, -0.51914, 0.0, -0.854689, -0.098368, 0.0, 1.0, 0.0, 0.685921, 0.0, 0.0, 0.0, 1.0],
                [0.854689, 0.0, -0.51914, -5e-06, -0.51914, 0.0, -0.854689, -0.098368, 0.0, 1.0, 0.0, 0.685921, 0.0, 0.0, 0.0, 1.0]
            ]
        },
        {
            "name": "Thigh_R",
            "time": [0.0, 0.0833, 0.2667],
            "transform": [
                [0.996123, 0.056386, -0.067528, 0.124994, 0.068868, -0.977426, 0.199728, -0.002831, -0.054742, -0.203604, -0.977521, -1.2e-05, 0.0, 0.0, 0.0, 1.0],
                [0.997195, 0.041022, -0.062601, 0.124994, 0.058152, -0.951215, 0.30299, -0.002831, -0.047118, -0.305779, -0.950935, -1.2e-05, 0.0, 0.0, 0.0, 1.0],
                [0.997195, 0.041022, -0.062601, 0.124994, 0.058152, -0.951215, 0.30299, -0.002831, -0.047118, -0.305779, -0.950935, -1.2e-05, 0.0, 0.0, 0.0, 1.0]
            ]
        },
        {
            "name": "Leg_R",
            "time": [0.0, 0.0833, 0.2667],
            "transform": [
                [1.0, -0.0, 2e-06, 0.0, -0.0, 0.966098, 0.258174, 0.37472, -2e-06, -0.258173, 0.966101, 0.0, 0.0, 0.0, 0.0, 1.0],
                [0.969262, 0.184443, -0.162823, -0.0, 0.005207, 0.646275, 0.763089, 0.37472, 0.245974, -0.740478, 0.625452, 0.0, 0.0, 0.0, 0.0, 1.0],
                [0.969262, 0.184443, -0.162823, -0.0, 0.005207, 0.646275, 0.763089, 0.37472, 0.245974, -0.740478, 0.625452, 0.0, 0.0, 0.0, 0.0, 1.0]
            ]
        },
        {
            "name": "Knee_R",
            "time": [0.0, 0.0833, 0.2667],
            "transform": [
                [1.0, 0.0, -0.0, 0.0, -0.0, 1e-06, -1.0, 0.37472, -0.0, 1.0, 1e-06, 0.0, 0.0, 0.0, 0.0, 1.0],
                [1.0, 0.0, -0.0, -0.0, -0.0, 1e-06, -1.0, 0.37472, -0.0, 1.0, 1e-06, 0.0, 0.0, 0.0, 0.0, 1.0],
                [1.0, 0.0, -0.0, -0.0, -0.0, 1e-06, -1.0, 0.37472, -0.0, 1.0, 1e-06, 0.0, 0.0, 0.0, 0.0, 1.0]
            ]
        },
        {
            "name": "Thigh_L",
            "time": [0.0, 0.0833, 0.2667],
            "transform": [
                [0.866488, -0.135609, -0.480425, -0.125006, -0.027108, -0.973756, 0.225969, -0.002831, -0.49846, -0.182775, -0.847426, -1.2e-05, 0.0, 0.0, 0.0, 1.0],
                [0.683262, -0.422366, -0.595616, -0.125006, -0.003232, -0.81746, 0.575975, -0.002831, -0.730166, -0.391616, -0.559906, -1.2e-05, 0.0, 0.0, 0.0, 1.0],
                [0.683262, -0.422366, -0.595616, -0.125006, -0.003232, -0.81746, 0.575975, -0.002831, -0.730166, -0.391616, -0.559906, -1.2e-05, 0.0, 0.0, 0.0, 1.0]
            ]
        },
        {
            "name": "Leg_L",
            "time": [0.0, 0.0833, 0.2667],
            "transform": [
                [1.0, -0.0, 1e-06, 0.0, 0.0, 0.970939, 0.239328, 0.37472, -1e-06, -0.239328, 0.970937, -0.0, 0.0, 0.0, 0.0, 1.0],
                [0.987787, -0.047542, 0.148379, 0.0, -0.067915, 0.72571, 0.68464, 0.37472, -0.140229, -0.686357, 0.713617, -0.0, 0.0, 0.0, 0.0, 1.0],
                [0.987787, -0.047542, 0.148379, 0.0, -0.067915, 0.72571, 0.68464, 0.37472, -0.140229, -0.686357, 0.713617, -0.0, 0.0, 0.0, 0.0, 1.0]
            ]
        },
        {
            "name": "Knee_L",
            "time": [0.0, 0.0833, 0.2667],
            "transform": [
                [1.0, 0.0, -0.0, 0.0, -0.0, 1e-06, -1.0, 0.37472, -0.0, 1.0, 1e-06, -0.0, 0.0, 0.0, 0.0, 1.0],
                [1.0, 0.0, -0.0, 0.0, -0.0, 1e-06, -1.0, 0.37472, -0.0, 1.0, 1e-06, -0.0, 0.0, 0.0, 0.0, 1.0],
                [1.0, 0.0, -0.0, 0.0, -0.0, 1e-06, -1.0, 0.37472, -0.0, 1.0, 1e-06, -0.0, 0.0, 0.0, 0.0, 1.0]
            ]
        },
        {
            "name": "Torso",
            "time": [0.0, 0.0833, 0.2667],
            "transform": [
                [0.99978, -0.020971, -0.000197, -0.0, 0.020971, 0.999603, 0.018833, 0.05, -0.000198, -0.018833, 0.999823, 0.0, 0.0, 0.0, 0.0, 1.0],
                [0.995749, 0.091843, -0.006999, -0.0, -0.091843, 0.984226, -0.151207, 0.05, -0.006999, 0.151207, 0.988477, -0.0, 0.0, 0.0, 0.0, 1.0],
                [0.996609, 0.082098, -0.005583, -0.0, -0.082098, 0.987417, -0.135162, 0.05, -0.005583, 0.135162, 0.990808, -0.0, 0.0, 0.0, 0.0, 1.0]
            ]
        },
        {
            "name": "Chest",
            "time": [0.0, 0.0833, 0.2667],
            "transform": [
                [0.999771, -0.021411, -0.000206, 0.0, 0.021411, 0.999586, 0.019225, 0.3, -0.000206, -0.019225, 0.999815, 0.0, 0.0, 0.0, 0.0, 1.0],
                [0.974872, -0.2195, -0.038014, -0.0, 0.218925, 0.912443, 0.345715, 0.3, -0.041199, -0.34535, 0.937569, -0.0, 0.0, 0.0, 0.0, 1.0],
                [0.971955, -0.231271, -0.042626, -0.0, 0.230623, 0.901935, 0.365138, 0.3, -0.046, -0.364728, 0.929977, -0.0, 0.0, 0.0, 0.0, 1.0]
            ]
        },
        {
            "name": "Head",
            "time": [0.0, 0.0833, 0.2667],
            "transform": [
                [0.85311, 0.037721, 0.520365, -0.0, -0.006297, 0.998055, -0.062025, 0.4, -0.521693, 0.049637, 0.851688, 0.0, 0.0, 0.0, 0.0, 1.0],
                [0.85311, 0.037721, 0.520365, 0.0, -0.006297, 0.998055, -0.062025, 0.4, -0.521693, 0.049637, 0.851688, -0.0, 0.0, 0.0, 0.0, 1.0],
                [0.853111, 0.037721, 0.520365, -0.0, -0.006297, 0.998055, -0.062025, 0.4, -0.521693, 0.049637, 0.851688, 0.0, 0.0, 0.0, 0.0, 1.0]
            ]
        },
        {
            "name": "Shoulder_R",
            "time": [0.0, 0.0833, 0.2667],
            "transform": [
                [0.0, 0.952114, 0.305743, -0.0, 0.0, -0.305743, 0.952114, 0.4, 1.0, 0.0, -0.0, 0.0, 0.0, 0.0, 0.0, 1.0],
                [0.0, 0.952114, 0.305743, 0.0, 0.0, -0.305743, 0.952114, 0.4, 1.0, 0.0, -0.0, -0.0, 0.0, 0.0, 0.0, 1.0],
                [0.0, 0.952114, 0.305743, -0.0, -0.0, -0.305743, 0.952114, 0.4, 1.0, 0.0, -0.0, 0.0, 0.0, 0.0, 0.0, 1.0]
            ]
        },
        {
            "name": "Arm_R",
            "time": [0.0, 0.0833, 0.2667],
            "transform": [
                [-0.445828, 0.498426, -0.743511, 0.0, 0.739681, 0.672915, 0.007569, 0.39386, 0.504093, -0.546586, -0.668681, 0.0, 0.0, 0.0, 0.0, 1.0],
                [-0.433244, 0.46263, -0.773481, 0.0, 0.748169, 0.663129, -0.02244, 0.39386, 0.502536, -0.588416, -0.633422, 0.0, 0.0, 0.0, 0.0, 1.0],
                [-0.434355, 0.465884, -0.770901, 0.0, 0.747409, 0.664069, -0.019798, 0.39386, 0.502708, -0.584778, -0.636647, 0.0, 0.0, 0.0, 0.0, 1.0]
            ]
        },
        {
            "name": "Hand_R",
            "time": [0.0, 0.0833, 0.2667],
            "transform": [
                [1.0, -0.0, 0.0, 0.0, 0.0, 0.677217, -0.735783, 0.3, -0.0, 0.735783, 0.677217, 0.0, 0.0, 0.0, 0.0, 1.0],
                [0.999322, -0.002927, 0.03671, 0.0, 0.031723, 0.574741, -0.81772, 0.3, -0.018705, 0.81833, 0.574444, 0.0, 0.0, 0.0, 0.0, 1.0],
                [0.999437, -0.002863, 0.033438, -0.0, 0.028809, 0.584277, -0.811043, 0.3, -0.017215, 0.811549, 0.584031, 0.0, 0.0, 0.0, 0.0, 1.0]
            ]
        },
        {
            "name": "Tool_R",
            "time": [0.0, 0.0833, 0.2667],
            "transform": [
                [1.0, 0.0, 0.0, 0.0, 0.0, -0.999836, 0.018122, 0.272858, 0.0, -0.018122, -0.999244, 0.0, 0.0, 0.0, 0.0, 1.0],
                [1.0, 0.0, 0.0, 0.0, 0.0, -0.999836, 0.018122, 0.272858, 0.0, -0.018122, -0.999244, -0.0, 0.0, 0.0, 0.0, 1.0],
                [1.0, 0.0, 0.0, 0.0, 0.0, -0.999836, 0.018122, 0.272858, 0.0, -0.018122, -0.999244, 0.0, 0.0, 0.0, 0.0, 1.0]
            ]
        },
        {
            "name": "Elbow_R",
            "time": [0.0, 0.0833, 0.2667],
            "transform": [
                [-0.757634, 0.258757, -0.599196, 0.046148, 0.600407, -0.083685, -0.795304, 0.370821, -0.255934, -0.96231, -0.091957, 0.012759, 0.0, 0.0, 0.0, 1.0],
                [-0.757634, 0.258757, -0.599196, 0.046148, 0.600407, -0.083684, -0.795304, 0.370821, -0.255934, -0.96231, -0.091957, 0.012759, 0.0, 0.0, 0.0, 1.0],
                [-0.757634, 0.258757, -0.599195, 0.046148, 0.600407, -0.083685, -0.795304, 0.370821, -0.255934, -0.96231, -0.091957, 0.012759, 0.0, 0.0, 0.0, 1.0]
            ]
        },
        {
            "name": "Shoulder_L",
            "time": [0.0, 0.0833, 0.2667],
            "transform": [
                [0.200888, -0.935274, -0.291386, -0.0, -0.009303, -0.299258, 0.954127, 0.4, -0.97957, -0.188962, -0.068818, 0.0, 0.0, 0.0, 0.0, 1.0],
                [0.285857, -0.934113, -0.21382, 0.0, 0.091698, -0.195443, 0.976419, 0.4, -0.953875, -0.298723, 0.029787, -0.0, 0.0, 0.0, 0.0, 1.0],
                [0.285857, -0.934113, -0.21382, -0.0, 0.091698, -0.195443, 0.976419, 0.4, -0.953875, -0.298723, 0.029787, 0.0, 0.0, 0.0, 0.0, 1.0]
            ]
        },
        {
            "name": "Arm_L",
            "time": [0.0, 0.0833, 0.2667],
            "transform": [
                [0.792049, 0.479978, 0.3772, 0.0, -0.586219, 0.770415, 0.250616, 0.39386, -0.17031, -0.419621, 0.891579, 0.0, 0.0, 0.0, 0.0, 1.0],
                [0.806564, 0.534665, 0.252167, -0.0, -0.566334, 0.821171, 0.070323, 0.39386, -0.169473, -0.19953, 0.965126, 0.0, 0.0, 0.0, 0.0, 1.0],
                [0.806564, 0.534665, 0.252167, -0.0, -0.566334, 0.821171, 0.070323, 0.39386, -0.169473, -0.19953, 0.965125, 0.0, 0.0, 0.0, 0.0, 1.0]
            ]
        },
        {
            "name": "Hand_L",
            "time": [0.0, 0.0833, 0.2667],
            "transform": [
                [-0.180086, 0.983523, 0.015896, -0.0, -0.712083, -0.119203, -0.691902, 0.3, -0.678606, -0.135921, 0.721817, -0.0, 0.0, 0.0, 0.0, 1.0],
                [-0.142757, 0.989653, 0.014433, -0.0, -0.765602, -0.101172, -0.635309, 0.3, -0.627275, -0.101745, 0.772123, 0.0, 0.0, 0.0, 0.0, 1.0],
                [-0.142757, 0.989653, 0.014433, -0.0, -0.765602, -0.101172, -0.635309, 0.3, -0.627275, -0.101745, 0.772123, -0.0, 0.0, 0.0, 0.0, 1.0]
            ]
        },
        {
            "name": "Tool_L",
            "time": [0.0, 0.0833, 0.2667],
            "transform": [
                [1.0, 0.0, 0.0, -0.0, 0.0, -0.999835, 0.018122, 0.389323, 0.0, -0.018122, -0.999247, -0.000261, 0.0, 0.0, 0.0, 1.0],
                [1.0, 0.0, 0.0, -0.0, 0.0, -0.999836, 0.018122, 0.389323, 0.0, -0.018122, -0.999247, -0.000261, 0.0, 0.0, 0.0, 1.0],
                [1.0, 0.0, 0.0, -0.0, 0.0, -0.999836, 0.018122, 0.389323, 0.0, -0.018122, -0.999247, -0.000261, 0.0, 0.0, 0.0, 1.0]
            ]
        },
        {
            "name": "Elbow_L",
            "time": [0.0, 0.0833, 0.2667],
            "transform": [
                [-1.0, 0.0, -0.0, -0.0, 0.0, -0.0, -1.0, 0.356945, -0.0, -1.0, 0.0, 0.0, 0.0, 0.0, 0.0, 1.0],
                [-1.0, 0.0, -0.0, 0.0, 0.0, 0.0, -1.0, 0.356946, -0.0, -1.0, -0.0, 0.0, 0.0, 0.0, 0.0, 1.0],
                [-1.0, 0.0, -0.0, -0.0, 0.0, -0.0, -1.0, 0.356946, -0.0, -1.0, -0.0, -0.0, 0.0, 0.0, 0.0, 1.0]
            ]
        }
    ]
}